5.48
5.47851
5.47506
4.80226
5.47671
5.48
5.47936
0.678448
5.47982
5.48
5.47811
5.47948
5.47962
5.48
5.47939
5.48
3.66379
5.08739
5.46808
5.48
5.47384
3.93358
5.48
5.48
3.6664
4.30078
5.47591
5.47947
5.47295
5.48
5.48
5.47953
5.47888
5.47799
5.47929
5.47901
5.47771
5.48
5.48
5.48
5.47849
4.29933
5.47835
3.67303
5.48
3.5663
4.42432
5.48
4.51665
5.4789
5.48
5.39929
5.25546
5.48
5.48
5.48
5.47662
3.47175
5.48
5.48
5.47811
3.48164
5.47571
5.48
5.48
5.48
3.96893
5.47981
4.97189
3.75443
4.59493
5.47673
5.47828
4.38219
5.08914
4.05725
5.48
4.29469
5.48
5.13966
5.48
5.47686
5.47831
5.47424
4.91826
5.48
5.47325
5.48
5.48
4.10862
5.48
5.48
5.47318
5.47834
5.47596
5.47829
5.48
5.47876
5.47959
4.70727
5.48
5.47851
5.47506
4.80226
5.47671
5.48
5.47936
0.678448
5.47982
5.48
5.47811
5.47948
5.47962
5.48
5.47939
5.48
3.66379
5.08739
5.46808
5.48
5.47384
3.93358
5.48
5.48
3.6664
4.30078
5.47591
5.47947
5.47295
5.48
5.48
5.47953
5.47888
5.47799
5.47929
5.47901
5.47771
5.48
5.48
5.48
5.47849
4.29933
5.47835
3.67303
5.48
3.5663
4.42432
5.48
4.51665
5.4789
5.48
5.39929
5.25546
5.48
5.48
5.48
5.47662
3.47175
5.48
5.48
5.47811
3.48164
5.47571
5.48
5.48
5.48
3.96893
5.47981
4.97189
3.75443
4.59493
5.47673
5.47828
4.38219
5.08914
4.05725
5.48
4.29469
5.48
5.13966
5.48
5.47686
5.47831
5.47424
4.91826
5.48
5.47325
5.48
5.48
4.10862
5.48
5.48
5.47318
5.47834
5.47596
5.47829
5.48
5.47876
5.47959
4.70727
3.70997
3.44477
3.69267
5.47913
3.54612
5.48
4.91942
5.47735
5.4788
5.47864
5.48
5.47492
5.48
5.48
5.48
5.48
5.47836
3.67989
5.48
5.48
5.47599
5.48
3.69706
5.47789
5.47601
5.48
5.48
5.47842
5.48
5.31085
5.48
5.47066
5.47887
5.48
5.46697
5.4776
5.47823
5.48
4.12598
5.47926
5.4781
5.48
5.48
5.48
5.48
5.48
3.39685
5.47838
5.381
5.4601
5.48
5.32405
5.48
3.65252
5.48
5.47726
5.48
3.48076
5.47894
3.66453
3.86018
5.48
5.47823
5.47878
4.08227
5.48
5.10202
5.47876
5.47867
5.47922
4.66324
5.48
5.48
4.22769
5.39564
5.47632
5.05286
5.47796
5.47564
5.48
5.47614
3.60472
5.47934
5.47659
5.46846
5.47787
5.04882
5.48
5.4776
3.73108
5.48
5.47788
5.48
5.48
5.13011
5.45594
5.46933
5.29766
4.10342
5.48
5.48
5.40878
5.48
4.33262
3.68078
5.48
3.73567
5.48
5.48
5.48
5.30017
5.47931
5.47485
3.44808
4.76581
5.48
5.10022
5.39365
5.48
5.47768
5.46871
5.48
5.48
5.47845
4.70211
5.47874
5.48
3.71604
5.48
4.94208
5.45798
5.47793
4.12732
5.48
5.47947
4.23327
5.48
5.48
5.47719
3.94877
4.09869
5.48
5.47955
5.23263
4.26067
5.48
5.48
5.4434
5.18315
5.48
3.57035
5.47847
5.48
2.02102
5.48
4.50385
5.48
5.47002
5.48
5.47926
5.48
5.47459
5.4781
5.39255
5.47891
3.63736
5.48
5.47647
3.93532
5.14958
5.47738
5.47804
5.44708
5.47311
5.48
5.48
5.47975
5.48
3.50748
4.85704
3.78678
5.47879
5.47218
5.48
5.48
5.47965
5.47812
5.47753
5.47926
5.48
5.47786
5.48
5.48
5.47864
5.47925
5.47703
5.48
5.47789
5.44383
5.48
5.48
5.47972
5.48
5.48
5.47874
5.34578
4.00209
5.48
5.48
3.64219
5.48
5.47816
4.54337
5.16319
5.47834
5.48
5.48
4.8512
5.4795
5.47762
5.47768
3.7076
5.48
5.48
5.00883
5.47796
5.47896
5.48
5.47717
5.48
5.48
5.48
5.47663
5.48
5.48
5.47856
5.47634
5.48
5.47676
5.47738
4.38749
5.42039
5.48
4.01436
4.51714
5.48
5.48
5.37058
5.48
5.48
5.48
5.48
5.47764
5.47588
5.47781
5.47787
5.48
5.48
3.76888
5.13997
5.1921
3.53665
5.48
5.48
5.48
5.47967
5.02388
3.5334
5.48
5.48
5.478
5.48
5.48
5.48
5.47756
5.38049
5.47724
4.7004
4.31034
5.47907
5.48
3.21315
4.64935
5.47913
4.56914
5.48
5.47383
3.68806
3.53469
5.47658
0.0267814
3.47329
5.48
5.47838
3.37331
5.48
2.25528
5.48
5.48
5.47872
5.48
4.31847
5.48
5.48
3.71411
3.78091
3.40221
3.71695
5.0707
5.47798
5.47482
5.48
5.48
5.48
5.48
4.51823
5.47826
5.45739
5.48
3.83049
5.45094
5.47695
5.47819
3.54715
3.60373
5.48
3.96204
5.26465
3.62931
3.72757
4.04178
5.48
5.48
3.54004
4.84068
5.47838
5.47956
5.47901
5.48
5.48
5.47913
4.35148
5.48
5.48
5.48
4.1711
5.48
5.47766
5.48
5.47765
5.48
3.35437
5.48
5.4779
3.81326
5.47944
5.10194
5.48
5.25933
5.48
5.48
5.48
5.48
5.39949
5.48
3.48553
5.47853
5.47915
5.48
5.27612
5.48
5.47923
4.40019
5.475
5.48
3.55358
5.47695
5.48
3.58
5.47887
5.47485
5.48
3.88351
5.0477
0
5.48
5.47865
3.96173
5.47759
5.48
5.48
3.56091
5.09902
5.48
5.47713
5.26164
5.4789
5.48
3.57522
3.83715
4.11192
5.01692
5.47546
3.95018
5.48
5.48
5.47771
5.47629
5.3973
5.47981
5.48
4.04953
5.48
5.48
5.47935
4.2414
5.47826
5.47737
5.45319
5.48
5.47506
5.48
4.58113
5.48
5.47773
5.48
4.14009
5.48
5.47855
4.61215
3.33734
5.48
5.47902
5.48
5.48
5.48
5.4718
5.48
5.47902
3.98919
5.48
5.47168
5.48
5.41851
4.06606
3.63867
5.47811
4.20443
4.35612
5.48
3.60736
4.30147
3.78515
5.47748
5.48
5.47948
5.48
5.48
5.48
5.48
5.48
5.48
5.46963
5.47586
3.29025
5.47534
5.46757
0.43772
5.47857
5.48
5.48
5.47827
5.48
3.63621
5.48
5.48
5.19066
3.7709
5.4783
3.66829
5.48
5.48
5.47822
5.47637
3.33062
4.14713
5.4788
4.6664
5.47735
5.48
5.43928
5.48
5.48
3.35503
5.47418
5.48
5.48
4.20987
5.4787
5.48
3.41756
4.61456
5.47784
5.48
3.46023
4.06142
5.44779
5.48
5.48
5.48
3.82636
3.88728
5.48
5.47006
5.48
5.48
5.30419
3.72305
3.19367
5.47722
5.48
4.69278
4.69692
5.48
5.06339
5.4724
5.48
5.47393
3.67713
5.48
5.48
5.48
5.47739
5.47949
5.48
3.67582
5.48
5.32112
3.47358
5.48
5.48
4.12682
5.48
5.47272
5.48
5.47605
5.47847
5.48
4.61469
3.07218
5.47797
5.47828
5.47886
5.47781
5.4791
5.48
5.48
3.4311
3.7294
5.47935
5.47873
5.47885
5.42355
5.48
5.48
5.47879
4.07101
5.48
5.48
4.97262
5.48
4.13782
3.81377
5.48
3.62292
0.642455
5.48
2.19454
5.41
3.30822
3.42339
5.47578
3.56129
5.48
4.72437
5.47741
4.17823
5.48
5.48
5.48
5.47631
5.48
4.35212
5.48
4.28495
5.47871
3.6331
5.47801
5.47837
4.42802
5.48
5.48
4.20609
5.47826
5.37711
5.48
5.47704
4.13039
5.4792
5.47915
5.48
5.47824
5.48
5.48
5.48
5.48
5.48
5.48
5.47898
5.47299
5.47847
5.47875
5.48
5.47641
5.48
5.47941
5.48
5.48
5.48
5.48
5.47954
5.47906
5.48
5.48
3.5553
5.47913
0.762818
5.4768
3.48516
3.8271
5.47971
5.47891
5.48
5.48
5.48
3.34693
5.47465
5.48
5.48
3.82415
5.47691
5.48
5.47501
3.36949
0.0235741
5.47679
3.8045
4.1509
5.48
5.48
5.48
5.47762
5.48
0
5.48
4.43027
5.48
5.46737
5.48
5.47878
5.48
5.47786
5.48
5.45834
5.48
3.29115
5.48
5.48
4.13818
5.48
3.36195
5.48
5.47634
5.48
5.35111
5.47639
5.48
5.48
5.47764
5.48
5.48
5.48
5.46736
4.48765
5.47812
5.48
5.48
5.47681
5.46113
5.47936
5.48
5.48
5.47811
5.47658
5.48
5.48
3.39951
3.75939
3.72059
5.47832
4.13103
5.48
5.47799
0.495755
5.47741
5.47789
5.47775
0
3.87506
4.81868
5.47671
5.47385
5.48
4.35911
3.82762
5.48
4.27041
3.4732
5.48
5.48
3.54351
5.47891
4.47932
5.48
5.48
4.99528
5.48
3.6217
5.48
5.48
5.48
3.35718
5.48
5.48
5.48
5.47799
4.2435
5.47892
5.47503
3.89583
5.48
5.48
3.35324
5.4787
5.47977
5.48
5.48
5.08564
5.48
5.46766
5.48
5.4774
5.02049
5.47901
5.48
5.48
5.48
5.48
5.48
4.35246
5.48
5.47899
5.47908
5.47628
5.48
5.48
5.47779
5.48
5.47937
5.47581
5.48
3.47396
4.53359
3.88344
4.11276
5.48
5.48
3.43561
4.93595
5.48
5.47926
5.18375
4.19294
5.48
5.48
5.48
5.48
5.41186
3.7704
4.44771
5.47889
5.47959
5.48
4.71641
5.47759
5.47934
3.68878
5.47701
5.48
5.48
5.4792
5.47857
5.48
5.48
5.47847
4.18001
5.48
5.4755
5.47788
5.48
5.47942
5.48
5.47656
5.47814
5.48
4.96091
3.89532
5.4784
5.46278
3.7708
5.48
3.84388
5.47835
3.75628
5.48
5.48
3.6099
5.48
3.36311
5.47839
5.48
0
5.47792
3.57417
4.21018
5.47836
5.47979
5.48
5.46797
5.48
5.47336
4.86869
3.70846
3.93335
5.48
5.47895
5.48
5.47737
5.47624
3.8623
5.48
5.47885
4.27955
3.45411
5.48
4.12966
4.75577
4.37213
5.48
5.47789
4.30976
4.61265
5.47814
5.48
5.47736
4.21842
5.47917
5.47771
5.47971
5.48
4.3745
4.27964
5.48
4.58458
5.4779
5.47628
5.47845
4.01303
5.48
4.38759
4.74536
3.60233
3.28984
5.48
4.38157
5.48
3.61982
5.48
3.59998
0
